0 197 76 151 77 102 33 36 154 55 233 90 69 66 94 124 141 216 57 22 111 30 233 223 117 102 113 162 180 180 111 48
197 0 137 74 264 289 220 171 57 242 50 135 256 151 281 91 80 33 162 185 298 217 50 40 304 119 300 45 27 39 104 235
76 137 0 91 143 168 99 50 94 121 173 30 135 30 160 64 81 156 41 64 177 96 173 163 183 42 179 102 120 120 51 114
151 74 91 0 218 243 174 125 31 196 110 89 210 105 235 45 34 93 116 139 252 171 110 100 258 73 254 39 57 57 58 189
77 264 143 218 0 41 64 103 221 46 300 157 36 133 33 191 208 283 124 89 50 73 300 290 56 169 52 229 247 247 178 57
102 289 168 243 41 0 89 128 246 71 325 182 61 158 38 216 233 308 149 114 37 98 325 315 43 194 39 254 272 272 203 82
33 220 99 174 64 89 0 59 177 42 256 113 56 89 81 147 164 239 80 45 98 29 256 246 104 125 100 185 203 203 134 35
36 171 50 125 103 128 59 0 128 81 207 64 95 40 120 98 115 190 31 24 137 56 207 197 143 76 139 136 154 154 85 74
154 57 94 31 221 246 177 128 0 199 93 92 213 108 238 48 37 76 119 142 255 174 93 83 261 76 257 22 40 40 61 192
55 242 121 196 46 71 42 81 199 0 278 135 38 111 63 169 186 261 102 67 80 51 278 268 86 147 82 207 225 225 156 35
233 50 173 110 300 325 256 207 93 278 0 171 292 187 317 127 116 45 198 221 334 253 12 30 340 155 336 81 63 75 140 271
90 135 30 89 157 182 113 64 92 135 171 0 149 44 174 62 79 154 55 78 191 110 171 161 197 40 193 100 118 118 49 128
69 256 135 210 36 61 56 95 213 38 292 149 0 125 53 183 200 275 116 81 70 65 292 282 76 161 72 221 239 239 170 49
66 151 30 105 133 158 89 40 108 111 187 44 125 0 150 78 95 170 31 54 167 86 187 177 173 56 169 116 134 134 65 104
94 281 160 235 33 38 81 120 238 63 317 174 53 150 0 208 225 300 141 106 47 90 317 307 53 186 49 246 264 264 195 74
124 91 64 45 191 216 147 98 48 169 127 62 183 78 208 0 35 110 89 112 225 144 127 117 231 46 227 56 74 74 31 162
141 80 81 34 208 233 164 115 37 186 116 79 200 95 225 35 0 99 106 129 242 161 116 106 248 63 244 45 63 63 48 179
216 33 156 93 283 308 239 190 76 261 45 154 275 170 300 110 99 0 181 204 317 236 45 35 323 138 319 64 46 58 123 254
57 162 41 116 124 149 80 31 119 102 198 55 116 31 141 89 106 181 0 45 158 77 198 188 164 67 160 127 145 145 76 95
22 185 64 139 89 114 45 24 142 67 221 78 81 54 106 112 129 204 45 0 123 42 221 211 129 90 125 150 168 168 99 60
111 298 177 252 50 37 98 137 255 80 334 191 70 167 47 225 242 317 158 123 0 107 334 324 32 203 28 263 281 281 212 91
30 217 96 171 73 98 29 56 174 51 253 110 65 86 90 144 161 236 77 42 107 0 253 243 113 122 109 182 200 200 131 44
233 50 173 110 300 325 256 207 93 278 12 171 292 187 317 127 116 45 198 221 334 253 0 30 340 155 336 81 63 75 140 271
223 40 163 100 290 315 246 197 83 268 30 161 282 177 307 117 106 35 188 211 324 243 30 0 330 145 326 71 53 65 130 261
117 304 183 258 56 43 104 143 261 86 340 197 76 173 53 231 248 323 164 129 32 113 340 330 0 209 20 269 287 287 218 97
102 119 42 73 169 194 125 76 76 147 155 40 161 56 186 46 63 138 67 90 203 122 155 145 209 0 205 84 102 102 33 140
113 300 179 254 52 39 100 139 257 82 336 193 72 169 49 227 244 319 160 125 28 109 336 326 20 205 0 265 283 283 214 93
162 45 102 39 229 254 185 136 22 207 81 100 221 116 246 56 45 64 127 150 263 182 81 71 269 84 265 0 28 28 69 200
180 27 120 57 247 272 203 154 40 225 63 118 239 134 264 74 63 46 145 168 281 200 63 53 287 102 283 28 0 22 87 218
180 39 120 57 247 272 203 154 40 225 75 118 239 134 264 74 63 58 145 168 281 200 75 65 287 102 283 28 22 0 87 218
111 104 51 58 178 203 134 85 61 156 140 49 170 65 195 31 48 123 76 99 212 131 140 130 218 33 214 69 87 87 0 149
48 235 114 189 57 82 35 74 192 35 271 128 49 104 74 162 179 254 95 60 91 44 271 261 97 140 93 200 218 218 149 0
