21
3
0 4925 2113 3059 1629 2057 9604 7824 5465 4169 8784 5904 7327 4025 6644 2413 5932 3010 4349 4383 10003
4925 0 4514 3278 5418 3174 13393 11613 9254 2528 12573 9693 11116 7814 10433 6202 9721 6799 1418 8172 13792
2113 4514 0 2648 2606 1646 10581 8801 6442 3758 9761 6881 8304 5002 7621 3390 6909 3987 3938 5360 10980
3059 3278 2648 0 3552 1308 11527 9747 7388 2522 10707 7827 9250 5948 8567 4336 7855 4933 2702 6306 11926
1629 5418 2606 3552 0 2550 8679 6899 4540 4662 7859 4979 6402 3100 5719 1488 5007 2085 4842 3458 9078
2057 3174 1646 1308 2550 0 10525 8745 6386 2418 9705 6825 8248 4946 7565 3334 6853 3931 2598 5304 10924
9604 13393 10581 11527 8679 10525 0 2498 6023 12637 1638 5636 3053 7211 3632 8385 3986 7948 12817 6679 1161
7824 11613 8801 9747 6899 8745 2498 0 4243 10857 1678 3856 1273 5431 1852 6605 2206 6168 11037 4899 2897
5465 9254 6442 7388 4540 6386 6023 4243 0 8498 5203 2323 3746 3072 3063 4246 2351 3809 8678 2540 6422
4169 2528 3758 2522 4662 2418 12637 10857 8498 0 11817 8937 10360 7058 9677 5446 8965 6043 1952 7416 13036
8784 12573 9761 10707 7859 9705 1638 1678 5203 11817 0 4816 2233 6391 2812 7565 3166 7128 11997 5859 2037
5904 9693 6881 7827 4979 6825 5636 3856 2323 8937 4816 0 3359 3511 2676 4685 1964 4248 9117 2979 6035
7327 11116 8304 9250 6402 8248 3053 1273 3746 10360 2233 3359 0 4934 1355 6108 1709 5671 10540 4402 3452
4025 7814 5002 5948 3100 4946 7211 5431 3072 7058 6391 3511 4934 0 4251 2806 3539 2369 7238 1990 7610
6644 10433 7621 8567 5719 7565 3632 1852 3063 9677 2812 2676 1355 4251 0 5425 1026 4988 9857 3719 4031
2413 6202 3390 4336 1488 3334 8385 6605 4246 5446 7565 4685 6108 2806 5425 0 4713 1791 5626 3164 8784
5932 9721 6909 7855 5007 6853 3986 2206 2351 8965 3166 1964 1709 3539 1026 4713 0 4276 9145 3007 4385
3010 6799 3987 4933 2085 3931 7948 6168 3809 6043 7128 4248 5671 2369 4988 1791 4276 0 6223 2727 8347
4349 1418 3938 2702 4842 2598 12817 11037 8678 1952 11997 9117 10540 7238 9857 5626 9145 6223 0 7596 13216
4383 8172 5360 6306 3458 5304 6679 4899 2540 7416 5859 2979 4402 1990 3719 3164 3007 2727 7596 0 7078
10003 13792 10980 11926 9078 10924 1161 2897 6422 13036 2037 6035 3452 7610 4031 8784 4385 8347 13216 7078 0
