26
0 2019 1883 6013 5497 8421 7228 4642 9502 1816 3405 2501 5769 7875 2701 1743 3691 3476 7671 2143 2530 1491 4641 4680 10153 3653
2019 0 3288 7418 6902 9826 8633 6047 10907 1653 2228 3906 7174 9280 1524 1150 5096 4881 9076 966 1353 1934 6046 6085 11558 5058
1883 3288 0 5686 5170 8094 6901 4315 9175 3085 4674 2174 5442 7548 3970 3012 3364 3149 7344 3412 3799 2760 4314 4353 9826 3326
6013 7418 5686 0 2172 2744 1551 2269 3825 7215 8804 4662 1420 2198 8100 7142 2448 3743 1994 7542 7929 6890 2606 3281 4476 3046
5497 6902 5170 2172 0 4580 3387 1753 5661 6699 8288 4146 1928 4034 7584 6626 1932 3227 3830 7026 7413 6374 2090 2765 6312 2530
8421 9826 8094 2744 4580 0 2411 4677 1469 9623 11212 7070 3828 2046 10508 9550 4856 6151 1140 9950 10337 9298 5014 5689 2120 5454
7228 8633 6901 1551 3387 2411 0 3484 3492 8430 10019 5877 2635 1865 9315 8357 3663 4958 1661 8757 9144 8105 3821 4496 4143 4261
4642 6047 4315 2269 1753 4677 3484 0 5758 5844 7433 3291 2025 4131 6729 5771 1077 2372 3927 6171 6558 5519 1235 1910 6409 1675
9502 10907 9175 3825 5661 1469 3492 5758 0 10704 12293 8151 4909 3127 11589 10631 5937 7232 2221 11031 11418 10379 6095 6770 1235 6535
1816 1653 3085 7215 6699 9623 8430 5844 10704 0 3039 3703 6971 9077 2335 1377 4893 4678 8873 1777 2164 1731 5843 5882 11355 4855
3405 2228 4674 8804 8288 11212 10019 7433 12293 3039 0 5292 8560 10666 904 2536 6482 6267 10462 1404 1497 3320 7432 7471 12944 6444
2501 3906 2174 4662 4146 7070 5877 3291 8151 3703 5292 0 4418 6524 4588 3630 2340 2125 6320 4030 4417 3378 3290 3329 8802 2302
5769 7174 5442 1420 1928 3828 2635 2025 4909 6971 8560 4418 0 3282 7856 6898 2204 3499 3078 7298 7685 6646 2362 3037 5560 2802
7875 9280 7548 2198 4034 2046 1865 4131 3127 9077 10666 6524 3282 0 9962 9004 4310 5605 1296 9404 9791 8752 4468 5143 3778 4908
2701 1524 3970 8100 7584 10508 9315 6729 11589 2335 904 4588 7856 9962 0 1832 5778 5563 9758 700 793 2616 6728 6767 12240 5740
1743 1150 3012 7142 6626 9550 8357 5771 10631 1377 2536 3630 6898 9004 1832 0 4820 4605 8800 1274 1661 1658 5770 5809 11282 4782
3691 5096 3364 2448 1932 4856 3663 1077 5937 4893 6482 2340 2204 4310 5778 4820 0 1421 4106 5220 5607 4568 1076 1115 6588 724
3476 4881 3149 3743 3227 6151 4958 2372 7232 4678 6267 2125 3499 5605 5563 4605 1421 0 5401 5005 5392 4353 2371 2410 7883 1383
7671 9076 7344 1994 3830 1140 1661 3927 2221 8873 10462 6320 3078 1296 9758 8800 4106 5401 0 9200 9587 8548 4264 4939 2872 4704
2143 966 3412 7542 7026 9950 8757 6171 11031 1777 1404 4030 7298 9404 700 1274 5220 5005 9200 0 529 2058 6170 6209 11682 5182
2530 1353 3799 7929 7413 10337 9144 6558 11418 2164 1497 4417 7685 9791 793 1661 5607 5392 9587 529 0 2445 6557 6596 12069 5569
1491 1934 2760 6890 6374 9298 8105 5519 10379 1731 3320 3378 6646 8752 2616 1658 4568 4353 8548 2058 2445 0 5518 5557 11030 4530
4641 6046 4314 2606 2090 5014 3821 1235 6095 5843 7432 3290 2362 4468 6728 5770 1076 2371 4264 6170 6557 5518 0 1909 6746 1674
4680 6085 4353 3281 2765 5689 4496 1910 6770 5882 7471 3329 3037 5143 6767 5809 1115 2410 4939 6209 6596 5557 1909 0 7421 1713
10153 11558 9826 4476 6312 2120 4143 6409 1235 11355 12944 8802 5560 3778 12240 11282 6588 7883 2872 11682 12069 11030 6746 7421 0 7186
3653 5058 3326 3046 2530 5454 4261 1675 6535 4855 6444 2302 2802 4908 5740 4782 724 1383 4704 5182 5569 4530 1674 1713 7186 0
