32
0 1816 1091 1174 1693 1658 1910 1203 1515 1807 1379 1883 1215 1299 1553 1428 1837 1320 1399 1445 1778 1840 1619 1644 1403 1498 1489 1818 1193 1427 1058 1561 
1816 0 1074 1328 1677 1169 1907 1851 1931 1093 1186 1086 1757 1710 1089 1523 1244 1729 1302 1483 1795 1434 1072 2001 1796 1348 1920 1711 1107 1297 1955 1355 
1091 1074 0 1655 1200 1682 1206 1319 1734 1650 1877 1251 1256 1461 1737 1615 1997 1051 1740 1874 1145 1609 1357 1541 1826 1024 1110 1550 1217 2046 1235 1453 
1174 1328 1655 0 1289 1572 1463 1645 1250 1720 1471 1802 1966 1661 1994 1631 1663 1674 1095 1524 2041 1196 1393 1478 1069 1282 1340 2023 1138 1470 1616 1924 
1693 1677 1200 1289 0 1487 1350 1420 1462 1226 1231 1205 1965 1165 1525 1413 1608 1714 1958 1599 1733 1996 1270 1419 1368 1592 1064 1864 1865 1640 1549 1170 
1658 1169 1682 1572 1487 0 1154 1916 1234 1964 1824 1046 1219 1719 1101 1491 1568 1387 1980 1155 1806 1760 1696 1847 1113 1292 1370 1518 1053 1679 1909 1081 
1910 1907 1206 1463 1350 1154 0 1055 2022 1263 1726 1358 1885 1248 1372 1109 1538 1120 1842 1854 1895 1488 1603 1361 1896 1472 1448 1075 1849 1914 2009 1506 
1203 1851 1319 1645 1420 1916 1055 0 1474 1246 1902 1662 1042 1759 1209 1360 1469 1444 1115 1224 1271 1866 1946 1396 1724 1493 1245 1452 1102 1622 1584 1551 
1515 1931 1734 1250 1462 1234 2022 1474 0 1678 1150 1099 1300 1861 1253 1411 1309 1116 1743 1073 1307 1333 1147 1164 1558 1569 1768 1819 1770 1207 1349 1277 
1807 1093 1650 1720 1226 1964 1263 1246 1678 0 1295 1786 1223 1460 1953 1797 1925 1698 1949 1124 1026 1481 1683 1255 1712 1776 1702 1405 1435 1789 1301 1125 
1379 1186 1877 1471 1231 1824 1726 1902 1150 1295 0 2034 1811 1671 1857 1628 1290 2048 1168 1792 1827 1624 1983 1845 1429 1639 1092 1967 1614 1490 1688 1940 
1883 1086 1251 1802 1205 1046 1358 1662 1099 1786 2034 0 1739 1272 1781 1160 1218 2024 1690 1310 1817 1465 1412 1835 1166 1869 1027 1647 1502 1888 1066 1828 
1215 1757 1256 1966 1965 1219 1885 1042 1300 1223 1811 1739 0 1153 1945 1575 1908 1346 1653 1951 1804 1643 1247 1184 1436 1758 1476 1156 1979 1526 1061 1314 
1299 1710 1461 1661 1165 1719 1248 1759 1861 1460 1671 1272 1153 0 1606 1753 1054 1858 1657 1772 1633 2035 1392 1836 1456 1045 1159 1898 1318 1823 1362 1441 
1553 1089 1737 1994 1525 1101 1372 1209 1253 1953 1857 1781 1945 1606 0 1167 1178 1342 1136 1799 1960 1893 1529 1867 1868 1499 1933 1084 1718 1418 2037 1601 
1428 1523 1615 1631 1413 1491 1109 1360 1411 1797 1628 1160 1575 1753 1167 0 1466 1134 1873 1275 1676 2010 1477 1590 1648 1265 2042 1701 1291 1809 1800 1901 
1837 1244 1997 1663 1608 1568 1538 1469 1309 1925 1290 1218 1908 1054 1178 1466 0 1626 1546 1812 1860 1068 1494 1627 1540 1424 1208 1852 1443 1926 1365 1987 
1320 1729 1051 1674 1714 1387 1120 1444 1116 1698 2048 2024 1346 1858 1342 1134 1626 0 1805 1970 2025 1629 1031 1722 1531 1856 1321 1366 1766 1284 1625 1369 
1399 1302 1740 1095 1958 1980 1842 1115 1743 1949 1168 1690 1653 1657 1136 1873 1546 1805 0 1830 1293 1716 1706 1266 1745 1417 1385 1157 1083 1769 2030 1210 
1445 1483 1874 1524 1599 1155 1854 1224 1073 1124 1792 1310 1951 1772 1799 1275 1812 1970 1830 0 2020 1492 1887 1326 1751 1844 1473 1903 1285 1179 1892 1267 
1778 1795 1145 2041 1733 1806 1895 1271 1307 1026 1827 1817 1804 1633 1960 1676 1860 2025 1293 2020 0 1586 1990 1311 1591 1763 1713 1841 1148 1035 1721 1814 
1840 1434 1609 1196 1996 1760 1488 1866 1333 1481 1624 1465 1643 2035 1893 2010 1068 1629 1716 1492 1586 0 1709 1242 1927 1680 1880 1176 1660 1646 1341 1539 
1619 1072 1357 1393 1270 1696 1603 1946 1147 1683 1983 1412 1247 1392 1529 1477 1494 1031 1706 1887 1990 1709 0 1794 1172 1884 1373 1581 1432 1580 1788 1692 
1644 2001 1541 1478 1419 1847 1361 1396 1164 1255 1845 1835 1184 1836 1867 1590 1627 1722 1266 1326 1311 1242 1794 0 1070 1993 1607 1336 1727 1304 1119 1578 
1403 1796 1826 1069 1368 1113 1896 1724 1558 1712 1429 1166 1436 1456 1868 1648 1540 1531 1745 1751 1591 1927 1172 1070 0 1519 1202 1062 1570 1383 1094 1948 
1498 1348 1024 1282 1592 1292 1472 1493 1569 1776 1639 1869 1758 1045 1499 1265 1424 1856 1417 1844 1763 1680 1884 1993 1519 0 1030 2038 1043 1917 1078 1652 
1489 1920 1110 1340 1064 1370 1448 1245 1768 1702 1092 1027 1476 1159 1933 2042 1208 1321 1385 1473 1713 1880 1373 1607 1202 1030 0 1139 1220 1834 1214 1928 
1818 1711 1550 2023 1864 1518 1075 1452 1819 1405 1967 1647 1156 1898 1084 1701 1852 1366 1157 1903 1841 1176 1581 1336 1062 2038 1139 0 1479 1705 1981 1177 
1193 1107 1217 1138 1865 1053 1849 1102 1770 1435 1614 1502 1979 1318 1718 1291 1443 1766 1083 1285 1148 1660 1432 1727 1570 1043 1220 1479 0 1367 1554 1057 
1427 1297 2046 1470 1640 1679 1914 1622 1207 1789 1490 1888 1526 1823 1418 1809 1926 1284 1769 1179 1035 1646 1580 1304 1383 1917 1834 1705 1367 0 1338 1377 
1058 1955 1235 1616 1549 1909 2009 1584 1349 1301 1688 1066 1061 1362 2037 1800 1365 1625 2030 1892 1721 1341 1788 1119 1094 1078 1214 1981 1554 1338 0 1146 
1561 1355 1453 1924 1170 1081 1506 1551 1277 1125 1940 1828 1314 1441 1601 1901 1987 1369 1210 1267 1814 1539 1692 1578 1948 1652 1928 1177 1057 1377 1146 0 
